GIF=TRUE
SCENES=30

#convention
#sphere x y z radius R G B specular reflective
#point intensity x y z
#directional intensity dx dy dz
#ambient intensity

--- SCENE 0 ---
camera 0 0 0

ambient 0.2
point 0.6 2 2 0
directional 0.2 1 4 4

sphere 0 -5001 0 5000 200 200 200 500 0.5
sphere 0 50001 0 50000 180 180 200 500 0.3
sphere 0 0 10020 10000 0 0 0 -1 0.0
sphere -10006 0 0 10000 255 180 180 -1 0.0
sphere 0 1001 0 10000 180 180 200 500 0.3

sphere 0 -0.3 7.6 0.7 0 255 0 200 0.2
sphere 2.2 -0.3 6 0.7 255 255 0 200 0.2
sphere -2.2 -0.3 6 0.7 0 128 255 200 0.2

--- SCENE 1 ---
camera 0 0 0

ambient 0.2
point 0.6 2 2 0
directional 0.2 1 4 4

sphere 0 -5001 0 5000 200 200 200 500 0.5
sphere 0 50001 0 50000 180 180 200 500 0.3
sphere 0 0 10020 10000 0 0 0 -1 0.0
sphere -10006 0 0 10000 255 180 180 -1 0.0
sphere 0 1001 0 10000 180 180 200 500 0.3

sphere 0.5 -0.3 7.5 0.7 0 255 0 200 0.2
sphere 2.1 -0.3 6.3 0.7 255 255 0 200 0.2
sphere -2.2 -0.3 6.1 0.7 0 128 255 200 0.2

--- SCENE 2 ---
camera 0 0 0

ambient 0.2
point 0.6 2 2 0
directional 0.2 1 4 4

sphere 0 -5001 0 5000 200 200 200 500 0.5
sphere 0 50001 0 50000 180 180 200 500 0.3
sphere 0 0 10020 10000 0 0 0 -1 0.0
sphere -10006 0 0 10000 255 180 180 -1 0.0
sphere 0 1001 0 10000 180 180 200 500 0.3

sphere 0.9 -0.3 7.3 0.7 0 255 0 200 0.2
sphere 1.9 -0.3 6.6 0.7 255 255 0 200 0.2
sphere -2.1 -0.3 6.3 0.7 0 128 255 200 0.2

--- SCENE 3 ---
camera 0 0 0

ambient 0.2
point 0.6 2 2 0
directional 0.2 1 4 4

sphere 0 -5001 0 5000 200 200 200 500 0.5
sphere 0 50001 0 50000 180 180 200 500 0.3
sphere 0 0 10020 10000 0 0 0 -1 0.0
sphere -10006 0 0 10000 255 180 180 -1 0.0
sphere 0 1001 0 10000 180 180 200 500 0.3

sphere 1.3 -0.3 7 0.7 0 255 0 200 0.2
sphere 1.6 -0.3 7 0.7 255 255 0 200 0.2
sphere -1.9 -0.3 6.6 0.7 0 128 255 200 0.2

--- SCENE 4 ---
camera 0 0 0

ambient 0.2
point 0.6 2 2 0
directional 0.2 1 4 4

sphere 0 -5001 0 5000 200 200 200 500 0.5
sphere 0 50001 0 50000 180 180 200 500 0.3
sphere 0 0 10020 10000 0 0 0 -1 0.0
sphere -10006 0 0 10000 255 180 180 -1 0.0
sphere 0 1001 0 10000 180 180 200 500 0.3

sphere 1.6 -0.3 6.7 0.7 0 255 0 200 0.2
sphere 1.3 -0.3 7.3 0.7 255 255 0 200 0.2
sphere -1.6 -0.3 7 0.7 0 128 255 200 0.2

--- SCENE 5 ---
camera 0 0 0

ambient 0.2
point 0.6 2 2 0
directional 0.2 1 4 4

sphere 0 -5001 0 5000 200 200 200 500 0.5
sphere 0 50001 0 50000 180 180 200 500 0.3
sphere 0 0 10020 10000 0 0 0 -1 0.0
sphere -10006 0 0 10000 255 180 180 -1 0.0
sphere 0 1001 0 10000 180 180 200 500 0.3

sphere 1.8 -0.3 6.4 0.7 0 255 0 200 0.2
sphere 0.9 -0.3 7.5 0.7 255 255 0 200 0.2
sphere -1.3 -0.3 7.3 0.7 0 128 255 200 0.2

--- SCENE 6 ---
camera 0 0 0

ambient 0.2
point 0.6 2 2 0
directional 0.2 1 4 4

sphere 0 -5001 0 5000 200 200 200 500 0.5
sphere 0 50001 0 50000 180 180 200 500 0.3
sphere 0 0 10020 10000 0 0 0 -1 0.0
sphere -10006 0 0 10000 255 180 180 -1 0.0
sphere 0 1001 0 10000 180 180 200 500 0.3

sphere 2 -0.3 6.1 0.7 0 255 0 200 0.2
sphere 0.5 -0.3 7.6 0.7 255 255 0 200 0.2
sphere -0.9 -0.3 7.5 0.7 0 128 255 200 0.2

--- SCENE 7 ---
camera 0 0 0

ambient 0.2
point 0.6 2 2 0
directional 0.2 1 4 4

sphere 0 -5001 0 5000 200 200 200 500 0.5
sphere 0 50001 0 50000 180 180 200 500 0.3
sphere 0 0 10020 10000 0 0 0 -1 0.0
sphere -10006 0 0 10000 255 180 180 -1 0.0
sphere 0 1001 0 10000 180 180 200 500 0.3

sphere 2.1 -0.3 6 0.7 0 255 0 200 0.2
sphere 0 -0.3 7.6 0.7 255 255 0 200 0.2
sphere -0.5 -0.3 7.6 0.7 0 128 255 200 0.2

--- SCENE 8 ---
camera 0 0 0

ambient 0.2
point 0.6 2 2 0
directional 0.2 1 4 4

sphere 0 -5001 0 5000 200 200 200 500 0.5
sphere 0 50001 0 50000 180 180 200 500 0.3
sphere 0 0 10020 10000 0 0 0 -1 0.0
sphere -10006 0 0 10000 255 180 180 -1 0.0
sphere 0 1001 0 10000 180 180 200 500 0.3

sphere 2.1 -0.3 6.1 0.7 0 255 0 200 0.2
sphere -0.5 -0.3 7.6 0.7 255 255 0 200 0.2
sphere 0 -0.3 7.6 0.7 0 128 255 200 0.2

--- SCENE 9 ---
camera 0 0 0

ambient 0.2
point 0.6 2 2 0
directional 0.2 1 4 4

sphere 0 -5001 0 5000 200 200 200 500 0.5
sphere 0 50001 0 50000 180 180 200 500 0.3
sphere 0 0 10020 10000 0 0 0 -1 0.0
sphere -10006 0 0 10000 255 180 180 -1 0.0
sphere 0 1001 0 10000 180 180 200 500 0.3

sphere 2 -0.3 6.3 0.7 0 255 0 200 0.2
sphere -0.9 -0.3 7.5 0.7 255 255 0 200 0.2
sphere 0.5 -0.3 7.6 0.7 0 128 255 200 0.2

--- SCENE 10 ---
camera 0 0 0

ambient 0.2
point 0.6 2 2 0
directional 0.2 1 4 4

sphere 0 -5001 0 5000 200 200 200 500 0.5
sphere 0 50001 0 50000 180 180 200 500 0.3
sphere 0 0 10020 10000 0 0 0 -1 0.0
sphere -10006 0 0 10000 255 180 180 -1 0.0
sphere 0 1001 0 10000 180 180 200 500 0.3

sphere 1.8 -0.3 6.6 0.7 0 255 0 200 0.2
sphere -1.3 -0.3 7.3 0.7 255 255 0 200 0.2
sphere 0.9 -0.3 7.5 0.7 0 128 255 200 0.2

--- SCENE 11 ---
camera 0 0 0

ambient 0.2
point 0.6 2 2 0
directional 0.2 1 4 4

sphere 0 -5001 0 5000 200 200 200 500 0.5
sphere 0 50001 0 50000 180 180 200 500 0.3
sphere 0 0 10020 10000 0 0 0 -1 0.0
sphere -10006 0 0 10000 255 180 180 -1 0.0
sphere 0 1001 0 10000 180 180 200 500 0.3

sphere 1.6 -0.3 6.9 0.7 0 255 0 200 0.2
sphere -1.6 -0.3 7 0.7 255 255 0 200 0.2
sphere 1.3 -0.3 7.3 0.7 0 128 255 200 0.2

--- SCENE 12 ---
camera 0 0 0

ambient 0.2
point 0.6 2 2 0
directional 0.2 1 4 4

sphere 0 -5001 0 5000 200 200 200 500 0.5
sphere 0 50001 0 50000 180 180 200 500 0.3
sphere 0 0 10020 10000 0 0 0 -1 0.0
sphere -10006 0 0 10000 255 180 180 -1 0.0
sphere 0 1001 0 10000 180 180 200 500 0.3

sphere 1.3 -0.3 7.2 0.7 0 255 0 200 0.2
sphere -1.9 -0.3 6.6 0.7 255 255 0 200 0.2
sphere 1.6 -0.3 7 0.7 0 128 255 200 0.2

--- SCENE 13 ---
camera 0 0 0

ambient 0.2
point 0.6 2 2 0
directional 0.2 1 4 4

sphere 0 -5001 0 5000 200 200 200 500 0.5
sphere 0 50001 0 50000 180 180 200 500 0.3
sphere 0 0 10020 10000 0 0 0 -1 0.0
sphere -10006 0 0 10000 255 180 180 -1 0.0
sphere 0 1001 0 10000 180 180 200 500 0.3

sphere 0.9 -0.3 7.4 0.7 0 255 0 200 0.2
sphere -2.1 -0.3 6.3 0.7 255 255 0 200 0.2
sphere 1.9 -0.3 6.6 0.7 0 128 255 200 0.2

--- SCENE 14 ---
camera 0 0 0

ambient 0.2
point 0.6 2 2 0
directional 0.2 1 4 4

sphere 0 -5001 0 5000 200 200 200 500 0.5
sphere 0 50001 0 50000 180 180 200 500 0.3
sphere 0 0 10020 10000 0 0 0 -1 0.0
sphere -10006 0 0 10000 255 180 180 -1 0.0
sphere 0 1001 0 10000 180 180 200 500 0.3

sphere 0.5 -0.3 7.5 0.7 0 255 0 200 0.2
sphere -2.2 -0.3 6.1 0.7 255 255 0 200 0.2
sphere 2.1 -0.3 6.3 0.7 0 128 255 200 0.2

--- SCENE 15 ---
camera 0 0 0

ambient 0.2
point 0.6 2 2 0
directional 0.2 1 4 4

sphere 0 -5001 0 5000 200 200 200 500 0.5
sphere 0 50001 0 50000 180 180 200 500 0.3
sphere 0 0 10020 10000 0 0 0 -1 0.0
sphere -10006 0 0 10000 255 180 180 -1 0.0
sphere 0 1001 0 10000 180 180 200 500 0.3

sphere 0 -0.3 7.6 0.7 0 255 0 200 0.2
sphere -2.2 -0.3 6 0.7 255 255 0 200 0.2
sphere 2.2 -0.3 6 0.7 0 128 255 200 0.2

--- SCENE 16 ---
camera 0 0 0

ambient 0.2
point 0.6 2 2 0
directional 0.2 1 4 4

sphere 0 -5001 0 5000 200 200 200 500 0.5
sphere 0 50001 0 50000 180 180 200 500 0.3
sphere 0 0 10020 10000 0 0 0 -1 0.0
sphere -10006 0 0 10000 255 180 180 -1 0.0
sphere 0 1001 0 10000 180 180 200 500 0.3

sphere -0.5 -0.3 7.5 0.7 0 255 0 200 0.2
sphere -2.1 -0.3 6.1 0.7 255 255 0 200 0.2
sphere 2.2 -0.3 6.1 0.7 0 128 255 200 0.2

--- SCENE 17 ---
camera 0 0 0

ambient 0.2
point 0.6 2 2 0
directional 0.2 1 4 4

sphere 0 -5001 0 5000 200 200 200 500 0.5
sphere 0 50001 0 50000 180 180 200 500 0.3
sphere 0 0 10020 10000 0 0 0 -1 0.0
sphere -10006 0 0 10000 255 180 180 -1 0.0
sphere 0 1001 0 10000 180 180 200 500 0.3

sphere -0.9 -0.3 7.4 0.7 0 255 0 200 0.2
sphere -1.9 -0.3 6.3 0.7 255 255 0 200 0.2
sphere 2.1 -0.3 6.3 0.7 0 128 255 200 0.2

--- SCENE 18 ---
camera 0 0 0

ambient 0.2
point 0.6 2 2 0
directional 0.2 1 4 4

sphere 0 -5001 0 5000 200 200 200 500 0.5
sphere 0 50001 0 50000 180 180 200 500 0.3
sphere 0 0 10020 10000 0 0 0 -1 0.0
sphere -10006 0 0 10000 255 180 180 -1 0.0
sphere 0 1001 0 10000 180 180 200 500 0.3

sphere -1.3 -0.3 7.2 0.7 0 255 0 200 0.2
sphere -1.6 -0.3 6.6 0.7 255 255 0 200 0.2
sphere 1.9 -0.3 6.6 0.7 0 128 255 200 0.2

--- SCENE 19 ---
camera 0 0 0

ambient 0.2
point 0.6 2 2 0
directional 0.2 1 4 4

sphere 0 -5001 0 5000 200 200 200 500 0.5
sphere 0 50001 0 50000 180 180 200 500 0.3
sphere 0 0 10020 10000 0 0 0 -1 0.0
sphere -10006 0 0 10000 255 180 180 -1 0.0
sphere 0 1001 0 10000 180 180 200 500 0.3

sphere -1.6 -0.3 7 0.7 0 255 0 200 0.2
sphere -1.3 -0.3 7 0.7 255 255 0 200 0.2
sphere 1.6 -0.3 7 0.7 0 128 255 200 0.2

--- SCENE 20 ---
camera 0 0 0

ambient 0.2
point 0.6 2 2 0
directional 0.2 1 4 4

sphere 0 -5001 0 5000 200 200 200 500 0.5
sphere 0 50001 0 50000 180 180 200 500 0.3
sphere 0 0 10020 10000 0 0 0 -1 0.0
sphere -10006 0 0 10000 255 180 180 -1 0.0
sphere 0 1001 0 10000 180 180 200 500 0.3

sphere -1.8 -0.3 6.7 0.7 0 255 0 200 0.2
sphere -0.9 -0.3 7.4 0.7 255 255 0 200 0.2
sphere 1.3 -0.3 7.3 0.7 0 128 255 200 0.2

--- SCENE 21 ---
camera 0 0 0

ambient 0.2
point 0.6 2 2 0
directional 0.2 1 4 4

sphere 0 -5001 0 5000 200 200 200 500 0.5
sphere 0 50001 0 50000 180 180 200 500 0.3
sphere 0 0 10020 10000 0 0 0 -1 0.0
sphere -10006 0 0 10000 255 180 180 -1 0.0
sphere 0 1001 0 10000 180 180 200 500 0.3

sphere -2 -0.3 6.4 0.7 0 255 0 200 0.2
sphere -0.5 -0.3 7.5 0.7 255 255 0 200 0.2
sphere 0.9 -0.3 7.5 0.7 0 128 255 200 0.2

--- SCENE 22 ---
camera 0 0 0

ambient 0.2
point 0.6 2 2 0
directional 0.2 1 4 4

sphere 0 -5001 0 5000 200 200 200 500 0.5
sphere 0 50001 0 50000 180 180 200 500 0.3
sphere 0 0 10020 10000 0 0 0 -1 0.0
sphere -10006 0 0 10000 255 180 180 -1 0.0
sphere 0 1001 0 10000 180 180 200 500 0.3

sphere -2.1 -0.3 6.2 0.7 0 255 0 200 0.2
sphere 0 -0.3 7.6 0.7 255 255 0 200 0.2
sphere 0.5 -0.3 7.6 0.7 0 128 255 200 0.2

--- SCENE 23 ---
camera 0 0 0

ambient 0.2
point 0.6 2 2 0
directional 0.2 1 4 4

sphere 0 -5001 0 5000 200 200 200 500 0.5
sphere 0 50001 0 50000 180 180 200 500 0.3
sphere 0 0 10020 10000 0 0 0 -1 0.0
sphere -10006 0 0 10000 255 180 180 -1 0.0
sphere 0 1001 0 10000 180 180 200 500 0.3

sphere -2.1 -0.3 6.1 0.7 0 255 0 200 0.2
sphere 0.5 -0.3 7.6 0.7 255 255 0 200 0.2
sphere 0 -0.3 7.6 0.7 0 128 255 200 0.2

--- SCENE 24 ---
camera 0 0 0

ambient 0.2
point 0.6 2 2 0
directional 0.2 1 4 4

sphere 0 -5001 0 5000 200 200 200 500 0.5
sphere 0 50001 0 50000 180 180 200 500 0.3
sphere 0 0 10020 10000 0 0 0 -1 0.0
sphere -10006 0 0 10000 255 180 180 -1 0.0
sphere 0 1001 0 10000 180 180 200 500 0.3

sphere -2 -0.3 6.1 0.7 0 255 0 200 0.2
sphere 0.9 -0.3 7.5 0.7 255 255 0 200 0.2
sphere -0.5 -0.3 7.6 0.7 0 128 255 200 0.2

--- SCENE 25 ---
camera 0 0 0

ambient 0.2
point 0.6 2 2 0
directional 0.2 1 4 4

sphere 0 -5001 0 5000 200 200 200 500 0.5
sphere 0 50001 0 50000 180 180 200 500 0.3
sphere 0 0 10020 10000 0 0 0 -1 0.0
sphere -10006 0 0 10000 255 180 180 -1 0.0
sphere 0 1001 0 10000 180 180 200 500 0.3

sphere -1.8 -0.3 6.3 0.7 0 255 0 200 0.2
sphere 1.3 -0.3 7.3 0.7 255 255 0 200 0.2
sphere -0.9 -0.3 7.5 0.7 0 128 255 200 0.2

--- SCENE 26 ---
camera 0 0 0

ambient 0.2
point 0.6 2 2 0
directional 0.2 1 4 4

sphere 0 -5001 0 5000 200 200 200 500 0.5
sphere 0 50001 0 50000 180 180 200 500 0.3
sphere 0 0 10020 10000 0 0 0 -1 0.0
sphere -10006 0 0 10000 255 180 180 -1 0.0
sphere 0 1001 0 10000 180 180 200 500 0.3

sphere -1.6 -0.3 6.6 0.7 0 255 0 200 0.2
sphere 1.6 -0.3 7 0.7 255 255 0 200 0.2
sphere -1.3 -0.3 7.3 0.7 0 128 255 200 0.2

--- SCENE 27 ---
camera 0 0 0

ambient 0.2
point 0.6 2 2 0
directional 0.2 1 4 4

sphere 0 -5001 0 5000 200 200 200 500 0.5
sphere 0 50001 0 50000 180 180 200 500 0.3
sphere 0 0 10020 10000 0 0 0 -1 0.0
sphere -10006 0 0 10000 255 180 180 -1 0.0
sphere 0 1001 0 10000 180 180 200 500 0.3

sphere -1.3 -0.3 6.9 0.7 0 255 0 200 0.2
sphere 1.9 -0.3 6.6 0.7 255 255 0 200 0.2
sphere -1.6 -0.3 7 0.7 0 128 255 200 0.2

--- SCENE 28 ---
camera 0 0 0

ambient 0.2
point 0.6 2 2 0
directional 0.2 1 4 4

sphere 0 -5001 0 5000 200 200 200 500 0.5
sphere 0 50001 0 50000 180 180 200 500 0.3
sphere 0 0 10020 10000 0 0 0 -1 0.0
sphere -10006 0 0 10000 255 180 180 -1 0.0
sphere 0 1001 0 10000 180 180 200 500 0.3

sphere -0.9 -0.3 7.2 0.7 0 255 0 200 0.2
sphere 2.1 -0.3 6.3 0.7 255 255 0 200 0.2
sphere -1.9 -0.3 6.6 0.7 0 128 255 200 0.2

--- SCENE 29 ---
camera 0 0 0

ambient 0.2
point 0.6 2 2 0
directional 0.2 1 4 4

sphere 0 -5001 0 5000 200 200 200 500 0.5
sphere 0 50001 0 50000 180 180 200 500 0.3
sphere 0 0 10020 10000 0 0 0 -1 0.0
sphere -10006 0 0 10000 255 180 180 -1 0.0
sphere 0 1001 0 10000 180 180 200 500 0.3

sphere -0.5 -0.3 7.4 0.7 0 255 0 200 0.2
sphere 2.2 -0.3 6.1 0.7 255 255 0 200 0.2
sphere -2.1 -0.3 6.3 0.7 0 128 255 200 0.2